6589903368460698125	2	0	0	0	只要雷佳音不演反面人物我都喜欢看[捂脸]
6611622193170219528	6	0	0	0	这是要在海滩伪装成晒太阳的，然后从比基尼里抽出手榴弹，从裤裆里掏出枪，我们切不可大意[灵光一闪]
6611439535433712135	82	0	0	0	关晓彤给了你多少钱，还仙女[鄙视]
6605002413768180238	18	0	0	0	古仔我渣渣辉都不请？
6605501971690422791	212	0	0	0	64岁还不老，可能一路走来两个老婆，多累，等于提前过了后面的日子。
6611468293851054600	277	0	0	0	太漂靓了不放心他爸[捂脸]
6609884314370834957	1616	0	0	0	正常企业家专注于一两家公司就够了，要扩大经营规模和范围，报备就可以了。一个人名下有几十家公司，业务又高度重叠，只有一种解释，洗钱偷税，关联交易
6611093793217184270	110	0	0	0	颖宝跟冯绍峰不般配，真不知道颖宝喜欢冯绍峰哪里
6610678915268608516	25	0	0	0	加油吧，你会越来越好的
6603674489702056455	353	0	0	0	小时候看过大张伟一个访谈，他当时就说喜欢胖丫头。就是看起来像年画似的那种，说看着喜庆
6609247464224457220	334	0	0	0	女儿长的太像奶奶了[捂脸]
6611680556440617480	164	0	0	0	贝嫂生了4个孩子身材也没走样，是生不出孩子才这样找借口说的吧。
6594680534444540419	1038	0	0	0	明明像爸爸，说像妈妈啥眼神
6611393761521959431	30	0	0	0	马伊琍和高虎还有个儿子吗？
6611686594518712846	123	0	0	0	我在网上认知一个女孩，现在十七 她上小学时遭到一个人，不知一次的性侵那个人是她身边的邻居，父母的朋友，她没有告诉父母，我是唯一知道这件事情的男生，我不知道这几年她是怎么过来的，虽然她上初中后那个人啊没再找过她，可毕竟在生活中还会见到，时间太长了，丢失了证据，原那个杂碎不得好死，作为哥哥我只能一直陪着她，愿她少经历些苦难
6600956152308040205	42	0	0	0	82岁能不能把枪举起来？
6594776358021235204	97	0	0	0	超级喜欢她！最初决定看《延禧攻略》就是为了她！[爱慕][爱慕][爱慕]
6609211430447088135	193	0	0	0	事实证明不是不吃肉可以年轻，而且不要孩子确实可以年轻，有了孩子后～～
6611112183004660231	455	0	0	0	不是好爸爸，却是个好继父
6611640113044652547	8	0	0	0	小编，你真无聊
6611375079097893390	4	0	0	0	感觉值得期待
6611605699384312334	1764	0	0	0	“我只希望导演什么时候也拍一部《爹路》，从自身出发好好教育教育男性：爹之道，从每天多陪小孩两小时开始。”冲你这句，我给你个赞！[大笑][呲牙]
6611728482638496259	706	0	0	0	想多了，这是烟雾弹，有人掏
6611728075837145613	248	0	0	0	失足少女想组织一个家
6611730092521423368	238	0	0	0	看了很感动，莫名想哭，人生不易，有梦想就要努力。
6611719852308562446	686	0	0	0	陈丽华一生真无憾！因为吃了唐僧肉！
6602747867813642760	608	0	0	0	有男人跟你在一起却说要丁克，那就请监督他去做绝育手术！
6609795404156371460	23	0	0	0	这么多疑问放在草莽英雄身上正合适
6603248833252033028	89	0	0	0	明明很漂亮，看你们酸的，转头看看你们的女友
6607025675175985668	0	0	0	0	最后一张照片一下就俘获了我
6600316578200289800	1	0	0	0	不错
6611719755415945736	1	0	0	0	我嘴唇小并且薄，其实我五官都大，但是觉得薄嘴唇也挺好的，自然就行。
6610398199494476295	2529	0	0	0	冯小刚的电影我绝不会看，支持催
6607773285696406019	998	0	0	0	祝福他们永远幸福
6611467776248775176	506	0	0	0	金鹰礼服据说是做了1200小时，豪华重工，按照胖迪的身材比例量身定做，也就是说，至少50天前金鹰女神就已经定下迪丽热巴了，结果大家还在讨论谁合适个什么劲[泪奔][泪奔][泪奔]
6609804107328782856	119	0	0	0	其实两人挺配的……起码表面看起来都挺傲的
6606981211925512708	679	0	0	0	报应，自作孽
6610675638426665479	155	0	0	0	一穿染十，十传百，完了整个娱乐圈该去医院体检了
6611693347658531336	51	0	0	0	李小璐瞬间无感
6611745500834038285	5	0	0	0	支持张一山
6611682631396360718	0	0	0	0	李娜同意吗？心里不忐忑吗？
6611713378551333389	210	0	0	0	这个人一定会成功，不要问我为什么
6583121106775835149	1206	0	0	0	李双江活该，让李天一多坐坐牢
6609450068720222724	24	0	0	0	问题瘦了还是贾玲吗？
6583208603589542404	549	0	0	0	支持小催，支持小月，
6611777552996368903	1022	0	0	0	什么直播，这种平台就该倒闭
6610512725028110862	148	0	0	0	车晓：为钱生为钱死，有钱就有水，没钱就没水！
6611378565441126920	16	0	0	0	两个灯炮1200W
6609968104954921486	2088	0	0	0	没内涵，没灵魂，人如戏，不值得花去宝贵时间去浪费
6611669376607191559	15	0	0	0	怎么不见观众呢？
6600187084701434376	242	0	0	0	女人最好看时期，是婚后没怀孩之前，同意的加我。
6611751508570538509	241	0	0	0	黄鼠狼换地老鼠一路货色
6611010101295710727	298	0	0	0	山口百惠80年代男人得梦中情人。
6611782583090938371	6	0	0	0	这样训练有利祖国统一
6611785263943254532	974	0	0	0	无良的平台太多了！头条号还不是一样吗？回复我说：“您举报的XXX经调查确实存在XXX行为，已封闭其XXX”,结果还在大放厥词！
6610376130211873284	623	0	0	0	彻底封杀，不得再见天日！广告商也要注意！不得使用问题艺人，否则广告也将遭到抵制！
6612036636291105294	22	0	0	0	《走向共和》这类以史鉴今的巨著一般国人是难以理解其现实意义的，这就是为什么像《芈月传》《如懿传》之类无聊肤浅之作大行其道的原因，也是官方希望以此麻痹群众，转移国内矛盾的精神毒品。国人的素质决定国家的命运，也决定了国人自己的命运
6611782610056118787	2635	0	0	0	封号不如封斗鱼！这个垃圾平台总出精日分子！
6612005026661401092	30	0	0	0	台湾综艺天王还是吴宗宪，幽默搞笑，建议大家看看他的小明星大跟班和综艺大热门，他连续三年台湾金钟奖综艺最佳主持人奖得主，大家开始关注台湾综艺也是从我猜我猜我猜猜开始的，小S更是吴宗宪带出来的
6611883389836329486	341	0	0	0	一个不靠岳父，白手起家的酷炫狂霸拽总裁和只靠自己，不靠男人的十八线女明星的爱情故事
6601431517782622734	23	0	0	0	因为她有学识
6609535192749048324	513	0	0	0	可是每个人的喜好不一样啊，你喜欢科技我喜欢化妆品名牌之类的也没什么吧，用的也是自己的钱，喜好还分高低贵贱???
6607222991572959752	318	0	0	0	6607222991572959752	260	0	0	0	像张铁林这种外国人，来演中国皇帝，真的有点讽刺。
6611769772746998286	1	0	0	0	德云社参赛没有，艺术来源于生活，这是相声艺术家每每台上阐述的观点，但是主流相声的功底和段子太多失去了原有相声的韵味。德云社的段子中太多说学逗唱引用传统的曲目。弘扬传统文化，老郭还是有很高的资历了。希望德云社也不只为了赚钱，传承相声文化，留下相对珍贵的相声资料。
6605793829498913287	1498	0	0	0	古天乐有一百所学校
6606905582723006990	281	0	0	0	餐饮大忌，平民化的小吃走高端路线，不是不值，只是食客从心里无法接受，中肯说句，以面馆的装璜、服务、店面位置来说，定价算合理的，就是民众嵩洋媚外心理严重，例如花几百吃成本几十的牛排，例如花几十吃成本几块的金拱门
6592509841174954510	922	0	0	0	刘亦菲妈妈这张好像章泽天
6612144865285243396	1	0	0	0	我就是剩下的三成[捂脸][捂脸]
6611455273678668301	8	0	0	0	阚（kàn）还是（hàn)？我有同事这个姓！他姓（kàn）
6610967705358959118	9	0	0	0	周涛?牛莉
6612011872772162062	41	0	0	0	中国人不团结，现在的年青人只有偶像，没有英雄，缺乏责任！！！可辈，
6579493685061222919	31	0	0	0	都是封建主义思想邪教迷信思想在作怪。这是社会教育的缺失。现在全社会必须来一次轰轰烈烈共产主义理想再教育。多学马列主义，毛泽东思想。批判封建主义，邪教迷信思想。只有这样，社会风气才会面貌一新！
6612012572331737608	39	0	0	0	6612012572331737608	21	0	0	0	这就是如今刷脸的“好处”
6611888551703347719	132	0	0	0	周润发不可能180，黄晓明不可能180，没毛病。
6610552778672570894	147	0	0	0	玩可以，但是你要抛弃妻女就是你的错！
6592868946494358024	250	0	0	0	妈妈的基因太强大了
6602000772248896013	22	0	0	0	看来你们都喜欢帅哥，哈哈，可以跟小编说你们都喜欢看什么类型的文章哦！
6603484308709573133	228	0	0	0	我只记得刘德华在台上说过，不仅台下的是他的粉丝，还要他们的儿孙都喜欢他！然而做到了，天王的影响力算得上是半壁江山
6611819948165562884	369	0	0	0	姓姜的早就该下课了，标准的站着茅坑不拉屎的主。
6591718191741796877	634	0	0	0	还是喜欢徐少华出演的唐僧
6612077395815957005	2375	0	0	0	别看他明面上是个好人，背地里不知道偷盖了多少学校
6611090917438784008	88	0	0	0	我喜欢上所有女影星
6611497796996432388	535	0	0	0	干得漂亮，就该严查[赞]
6610976107447452168	96	0	0	0	没有老子帅，没有老子的味道
6604069403594064388	314	0	0	0	赵丽颖和空姐那张，明显空姐好看
6610614539719279117	96	0	0	0	最后一张照片真像陈冠希，神态更像
6611084096510624264	1	0	0	0	股骨缺血性坏死？练血管操(易筋经)，血管通畅后，能大大改善。交流请关注易筋禅苑。
6612191657926328846	4	0	0	0	今年难道是曲艺之年？这么多曲艺界艺术家离开了我们……
6586559376805331469	792	0	0	0	6586559376805331469	3	0	0	0	汉斯男女通吃，口味独特，佩服，佩服[捂脸][捂脸][捂脸]
6610804421829853704	294	0	0	0	太漂亮了，有点像宁静
6607950596714529283	971	0	0	0	任何人来演应该都不会超越周润发和赵雅芝...
6610579933997564420	1598	0	0	0	昨天也看到这个新闻，果断弃微博，下载，没有第二个选择。
6608673726428873223	173	0	0	0	梅婷的父母爱情百看不厌，林心如有这样的作品吗？
6610373925555667463	147	0	0	0	征服是本色出演，其它的电视剧没什么出彩的地方，换个人演问题不大。
6611016009878864398	314	0	0	0	汪雨、好样的！
6610739952562995720	27	0	0	0	天蚕变也不错，我记得那时候是中午放，每天中午都不想去上学了
6606572035747349005	34	0	0	0	硬盘大把资料，谁要留言我
6612194484799144455	1	0	0	0	姬天语的师爷吗？
6610973048025645572	128	0	0	0	央视怎么了？
6602845962396238350	159	0	0	0	倚天屠龙记那么多场景，布置一下也不止七天
6612210712032838151	0	0	0	0	都够有钱的
6603468904331215363	283	0	0	0	主要是现场的灯光太多了，想不热都难。
6607718592173572612	154	0	0	0	还有娜娜，杰哥对娜娜，绝对没话说
6611298988438061581	41	0	0	0	我的启蒙老师。
6587670682027426311	402	0	0	0	感觉华谊象一个春宫院
6602741041978147332	601	0	0	0	看什么呢？只想看图片[捂脸]
6599926199621779975	598	0	0	0	如果一起变老的，都老了，谁也不嫌弃谁，可是如此青春年少，真的能爱上如此垂暮的老人？晚上猛然在黑暗中瞥上一眼，真的不害怕？就算给我1000万，我也不愿失去我的青春。
6603131386188530179	83	0	0	0	何家劲是娱乐圈为数不多的好男人！
6608027730061558286	697	0	0	0	这个老太太演的特别好
6600626866007048718	485	0	0	0	我见过几个明星谁就不说了，见到时我先是心里一惊，但马上装出根本不知道他是谁，也不看第两眼，我很平谈的面对就象遇见个路人。有时他们不时看我几眼，眼神好像是说：你不知道我是谁吗？但我就是装不知道，爱他妈是谁是谁和我没关系，爷不会捧臭脚。但话说回来如果见到受人尊敬的老艺术家我还会不卑不亢的致以微笑的。比如单田芳老先生可稀他不在了。
6589475305931407885	12	0	0	0	感觉刘德华的弟弟跟范伟才是亲兄弟
6611415679155307016	112	0	0	0	他这一生没白活，值了
6612421264545939981	3	0	0	0	还应该颁发一个最俱勇气奖！
6612502217448489486	168	0	0	0	相机保护膜没撕吗
6612403428695998979	9	0	0	0	胡导不能再导部雍正王朝、汉武大帝之类的？
6612522117344789006	699	0	0	0	延禧是爽文的YY,而如懿才是生活的真相。压抑无奈，又真实
6590559756090343949	100	0	0	0	单曲循环（男孩）一个月的举手
6612715738710934030	231	0	0	0	小编很有钱吗？竟然说30元的拖鞋质量不好，一般超过二十的拖鞋就很好了，拖鞋是快消品，保暖一年换一双就行
6613650927691760131	4	0	0	0	听过《永远甜蜜爱我的好爸爸》，非常好听~~
6613588576804274701	4	0	0	0	没有牺牲吧，看了结尾好像还有第二部
6613603249909924360	68	0	0	0	6613603249909924360	62	0	0	0	迅哥活得好洒脱，羡慕！
6613636352908984835	1089	0	0	0	赵丽颖是富一代，一年就挣一亿多，也不差吧
6603491911292420621	101	0	0	0	范伟离开赵本山是对的，也是必然的，利益不均是赵本山不地道，而且他一直美化自己开始无限的丑化范伟，在电视剧也能开出来，范伟演的都是二逼角色，最后乡村爱情居然演赵本山儿子。范伟离开赵本山明智之举
6611384406789587470	175	0	0	0	为保安和保洁阿姨打工，他们享福了！
6610427352176394766	90	0	0	0	熬夜的条友集合了！[我想静静][我想静静][我想静静][我想静静]
6597760780026774030	256	0	0	0	公交车开门，俺还没上车呢
6613193447618642435	1452	0	0	0	可能何老师认为颖宝没嫁对人吧
6609181087052595719	25	0	0	0	开始不了解觉得朱珠作，看完才知道朱珠脾气很好，人挺好，朱珠家好像是将军
6586434200260313614	53	0	0	0	她比朱丽倩漂亮
6612834592657244686	2	0	0	0	支持，正能量的，支持！
6613901239878943235	1	0	0	0	这种弘扬传统文化的节目必须支持！
6590238715161870862	5	0	0	0	其实大家应该看下黄渤的第一步戏，叫《上车，走吧》高虎是主演他是配角，但他的表演很有特点，现在红了是有原因的。
6613676403265110531	4	0	0	0	可是在那个历史背景下思想观念就是那种啊，而且剧中也是用了先抑后扬后期女主作为母亲的观念也与之前不同了吧
6613714470109708814	80	0	0	0	哄媳妇离婚，又哄巩俐不结婚，又偷偷找小妮子生孩子！什么样的男人啊！
6613858078884364803	85	0	0	0	谁取了颖宝就是这辈子福气
6612230361394971149	109	0	0	0	饸饹面硬是被你说成牛肉面
6611855979921277454	207	0	0	0	原谅我土，格拉夫是什么东西？
6611805494522675726	74	0	0	0	不管怎么样，蒋欣希望你幸福。永远支持你！
6613486418582831630	88	0	0	0	你以为我看中的是她的美貌吗 我看中的是她家的矿好吧
6611450821387223566	50	0	0	0	好像跟一个明星撞脸——释小龙。感觉小时候森蝶那股可爱、漂亮、乖巧萌萌的灵气没有啦！
6610960234024272398	213	0	0	0	还是第一次见这么不像的双胞胎
6604979254738289156	248	0	0	0	6604979254738289156	17	0	0	0	我喜欢，嫁给我吧
6613883531342905869	628	0	0	0	转发量几亿，老子为啥就没看到
6612267898142458376	118	0	0	0	林心如心想，完了，再不结婚真就只有跟苏有朋过了。一狠心一跺脚，赌一会吧，嫁给了霍建华[捂脸]
6612923036897116679	165	0	0	0	绝对有一个人在说谎，深爱着对方[大笑]
6613878624409879053	673	0	0	0	岳云鹏又办了件好事，比二代们强太多
6613950171375993352	4	0	0	0	谢谢.都快忘了感动到流泪是什么感觉了
6611386141658579460	128	0	0	0	年薪上千万的设计师，啥公司请得起啊
6613531688641233416	70	0	0	0	陈坤陆毅是客串，之前人家已经出名了
6610606605060801037	25	0	0	0	特工那个吗
6613177862994264579	19	0	0	0	很般配啊，在一起
6614721803757552132	3	0	0	0	竟然会有人年老比年轻更好看[祈祷]心目中的最佳勖存姿人选没有之一[心]
6614932149260780036	85	0	0	0	6614932149260780036	2	0	0	0	特么不是在安庆开的演唱会
6610596594943263239	112	0	0	0	不就是两脱肉，
6614736199493878286	84	0	0	0	她胖的时候也好美。
6612540662988407304	1628	0	0	0	加入外国籍的中国艺人，就属于对党和国家离心离德，这种人坚决不能用
6614600566045671939	259	0	0	0	胡歌，这是留着把最后一次当伴郎的机会给吴磊呢？[我想静静][我想静静][我想静静]
6589864837440864772	550	0	0	0	女人一胎接一胎的生，哪有时间出轨，男人不去关心妻子产后状态，产后抑郁的很多，身体健康各方面，不和谐就怀疑老婆出轨，怎么不关心什么愿导致不和谐呢，渣男，只管自己满足，去死吧，疼老婆都不会，干嘛娶回家呢，切
6614994097033708036	2	0	0	0	张学友为啥不来西安啊，感觉合肥还没有西安有名
6615019915344609799	0	0	0	0	徐铮有功，那些药品商良性让狗给吃了
6614537719567614477	105	0	0	0	特意看了十几遍 严格说 真不是
6605727951965127172	236	0	0	0	这是一双经过锻炼的健康的腿，青少年时期美乔曾经是冰上运动员，有什么不妥么？
6614406306759442951	25	0	0	0	文中图片我咋觉得是徐洪浩？
6615021320595833348	616	0	0	0	她的演技秒杀现阶段一大片一线女星！
6613301808590750216	126	0	0	0	张伦硕会不会爱上她的女儿
6611530423149265412	92	0	0	0	背啥锅，甜心出生就能看出是贾乃亮的好吧~
6614949378945712644	250	0	0	0	感觉很刻意，尤其是在橙红年代里和陈伟霆假戏真做完后那段戏穿着浴袍露出这种笑，很奇怪
6614387542311567886	185	0	0	0	因为不看好冯绍峰啊
6585071683579675150	211	0	0	0	感觉朱亚文随身携带荷尔蒙
6614984586680074755	1	0	0	0	完美的男孩，易烊千玺[心][心][心]
6615023849316549134	2	0	0	0	爱富察皇后还爱富察家呢？
6612614502993101319	374	0	0	0	我这辈子最大的遗憾，就是没让我二弟吃顿西餐！！！
6613197339358134787	79	0	0	0	第二张图是认真的吗
6613783128303469070	306	0	0	0	日谁谁红王思聪，谁红日谁冯绍峰
6613409752904892932	111	0	0	0	这样的夫妻都担心生了孩子养不起，那谁还敢生
6614850810830389768	61	0	0	0	影的故事真不错，越到后来越精彩，就是有点血腥
6614836388724474372	8	0	0	0	想女主和男二在一起[大笑]
6615094560685031949	2	0	0	0	杨金水混成万历啦[大笑][大笑][大笑]
6604952537550291464	96	0	0	0	高亮很像洪剑涛
6614893329119183374	177	0	0	0	是金子总会发光，公子歇玉树临风
6615054678075900420	226	0	0	0	五官很好瘦下来是大美女
6612961415961510404	309	0	0	0	改由汤唯来演冯程程好了！
6614321624571183619	124	0	0	0	我以为说“昨晚是否满意”
6611260528557818375	425	0	0	0	那是因为整个英皇的人都捧谢霆锋
6614006536463188493	1511	0	0	0	妻子去世7年。至今未取的男人真是少之又少呀！
6614973444343726600	1	0	0	0	坑了下一代，应该全面封杀网红
6614648108267602440	1340	0	0	0	孙耀威，三观正，正能量的必须支持！[赞][赞][赞]
6606094479503917571	884	0	0	0	李彩桦挺漂亮的
6606633332996309511	678	0	0	0	在大部分人眼里许是豪门富家子弟，很多明星梦寐以求，但是对于从小锦衣玉食并且顶级豪门出生的何，就不一定瞧得上他了！
6615240211888620035	439	0	0	0	那当然了，这也是一种保护，因为只要说到她，就有各种说法，他本人也肯定很头疼的。
6614348589961314823	155	0	0	0	宋要坐6年，如果和马有关系，马一点牵连也没有？也是挺好奇的
6614097531745862158	44	0	0	0	祝你早日康复
6615188945674174980	1063	0	0	0	喜欢殷桃，要演技有演技，要模样有模样，实力派挺你。
6615160075872895496	48	0	0	0	大家好，我就是放饮料的那个圆，这位女顾客我记得，印象深刻，脚真的是太臭了啊，她的脚一放上来，当时我就被熏晕了过去，全场电影我都不省人事，什么都没看到，现在我刚抢救过来就来评论了，我这放个饮料挣点钱也不容易，希望以后这样的顾客少一些...[酷拽][酷拽][酷拽]
6615145832607908355	33	0	0	0	名字多有意境 美凤 美缝
6615334101022933507	3	0	0	0	转发了
6615202810583581188	52	0	0	0	看来江的那个视频是真的啊
6606111728260350468	4	0	0	0	ump带赚bwy
6615312220614033933	113	0	0	0	一个移居它国的央视主持人，生老病死，有什么可报道的！你是否拿到它们好处啦？！我认为文艺圈也包括媒体界。应清查！
6615418612935033357	351	0	0	0	题目夸张了，其实她长的很一般，有股浓浓的乡土味，骨子里她就是秋菊，与生俱来的气质不是化个浓妆，走几次红毯就能改变的，她不过就是丰满一些，不是张艺谋力捧她，她不会有现在的知名度。
6611853304135680526	16	0	0	0	生的美，演的好
6615354062034436611	145	0	0	0	大40，只要有钱，大50我都愿意，
6615464951643374083	113	0	0	0	不是说她已经怀孕4个月了吗？
6615349939247514116	31	0	0	0	不知长啥样[抠鼻]
6615485153554727431	1	0	0	0	炒得时间太长了，剧的关注度也没上去，收视也不太好，那炒的目的是啥？
6609593485639025159	10	0	0	0	这不是条子吗
6615440008209760775	11	0	0	0	太悲催了！[流泪][流泪]
6609174075979858445	144	0	0	0	热巴胳膊上那是什么
6615470485754872324	16	0	0	0	男人们嘴上骂他，但心里渴望成为他那样的人！我也一样[捂脸]
6615374269331276296	7	0	0	0	铁血战士穿丝袜
6615422203380892168	79	0	0	0	为所有参建者点赞，你们辛苦了
6615369755945599502	382	0	0	0	很多人喜欢说 如果我有她这条件 也会这样你们说这话的时候请先想想，真的会这样吗？很多人有她这条件都在逛吃躺不要把什么都想得那么容易一个人能把健身坚持下来，他的毅力不是一般的强现实生活中有太多的借口等着我们来找不要说没时间，没钱 半个小时就能在家做两套keep了，再不然户外跑个半小时没时间 没钱都是你的借口
6613344056732811780	145	0	0	0	张伦硕下了一盘大棋
6615448660702396931	48	0	0	0	觉得奶茶妹也不是很漂亮，炒得这么牛[抠鼻]
6615472524027232782	2	0	0	0	确实很喜欢 可是很无奈
6602119893473034760	344	0	0	0	谭校长才是人生赢家，人家儿子虽然是私生子但是还教育滴那么好、那么优秀！可见谭校长夫妇和孩子的生母都把孩子的成长放在第一位，把自己放在了第二位。
6615442987700716045	7	0	0	0	黑人那个好好笑啊
6615467811143680520	130	0	0	0	自古真情留不住，唯有套路得人心
6615506875553153550	0	0	0	0	豪门纷争啊，真是一出连续剧啊
6615473277492003335	16	0	0	0	我敢保证 他两决定搞过
6608427042352398855	1	0	0	0	55亿没逃税吧
6610653154079932936	321	0	0	0	晚上有和姐我一样一个人在看头条的吗
6614964450472493576	185	0	0	0	虽然她演技真的比较渣，但无可否认颜值真的是挺高的，尤其拍平面。。。。。
6615041195271782920	51	0	0	0	他是赚一亿的男人，换个媳妇还是美女，需要你同情?
6613951630062649859	85	0	0	0	每次经过收费站都在纳闷这么多好看的妹子，为什么在这里上班？
6613863491545596424	9	0	0	0	爷爷在她9岁的时候
6615562871478682119	0	0	0	0	她的大玉儿跟马景涛的多尔衮是永远都超越不了的经典，特别心疼多尔衮，还是心不够狠，到死也没得到他该得的一切！
6615387217005117960	87	0	0	0	演员以后都是世袭的了
6615348195411100167	25	0	0	0	从哪里看出来了十分大方可爱？
6615727901335618061	0	0	0	0	应该每年一部，一部十集，演十四年。
6615958385336517124	2	0	0	0	我觉得吧，有的时候格局小的台剧也是不错的，《我可能不会爱你》《恶作剧之吻》《流星花园》《命中注定我爱你》这些原创或翻拍都很不错，证明台湾编剧和导演有驾驭这些题材的方法，大陆的剧格局也很有特点，改编和翻拍是否接地气，能反映原版的精髓才是做重要的，最后都要受到观众们的检阅！
6616114000222487048	2	0	0	0	最近演员老出事啊
6616079564357501453	1	0	0	0	花和尚，纹身本来就是花
6615957424744432131	902	0	0	0	她的出生，拯救了很多孩子
6616205132793119235	8	0	0	0	6616205132793119235	8	0	0	0	支持支持支持！！！
6616264186437566990	13	0	0	0	农村人抓老鼠怎么了？死老鼠很可爱有没有
6616101590384247309	1	0	0	0	哎一古，一回国就领奖了！！棒棒哒！
6616446493689643528	214	0	0	0	哪里像了？
6605875937139491331	48	0	0	0	40年前我也这样过，我今年18。
6608022231534535176	850	0	0	0	一个普通人要到处筹集一百多万这是一个天文数字只能说星光大道的确是黑幕。
6615806534087606798	547	0	0	0	这种人谁敢用呢？都不知道拷贝的别人多少东西。
6616175718562791940	396	0	0	0	除了敬佩，不知要说什么了
6615116064202162695	204	0	0	0	花心的玩够收心了，对家庭往往负责，而原先老实的，有了机会花心之后，那才叫一发不可收拾
6611516424110211598	242	0	0	0	真有意思....收入上亿来这里？大学生一天2个都玩不过来
6614850801938465283	38	0	0	0	100斤棉花和100斤铁哪个重
6615437248424837640	20	0	0	0	练过几年书法，个人觉得这个老师的字有明显的颜体风格，有一定水平。
6616173078697214468	61	0	0	0	真的老子一般管不了儿子
6616233036801393166	76	0	0	0	刘涛喝完酒就有点想那个了，我能理解。
6615155285411496456	35	0	0	0	说点现实的吧。登月也只有在那个疯狂的年代才能实现，其中最关键的问题就是火箭。迄今为止土星5号登月火箭仍然是人类最大的火箭，它100多米高，起飞重量达到3000多吨，可谓是上古神兽！当时美国的阿波罗计划年投资占到了全国GDP的0.5%，今后人类再也难有这么大的决心浪费这个钱了！从资金上说，一枚土星5号换算成今天的价格也在千亿美元的规模，从技术角度说，化学火箭的最大运载能力是有极限的，土星5号光是燃料就占2000多吨，而有效载荷也就130吨，燃料增加到一定程度就会造成“增加的不够消耗的多”的一个死循环，另外对于结构材料来说也是有极限的，从今天的角度来看，这个100多米的大火箭仍是让人不敢想象的工业技术奇迹，我认为它已经是化学火箭的最大极限了！
6616478328134042115	4291	0	0	0	支持孔琳琳！对港独分子毫不留情！
6616455019648516611	84	0	0	0	她的成长经历本身就是传奇！应该拍部电影。
6616501064541667843	40	0	0	0	快卖给你那些水军去吧。
6615123913422684679	183	0	0	0	胡歌:当伴郎我怕抢新郎的风头[笑哭][我想静静]
6615376667734966797	76	0	0	0	哎呀 慢慢的我发现我现在不喜欢她了
6615849786186662414	265	0	0	0	梅艳芳四十岁没嫁，张国荣直接把她带走了，也许到了另一个世界结婚了。
6612020191737938440	188	0	0	0	刘莉莉演中国婆婆是最棒的
6616279230344856071	199	0	0	0	一个女孩子，不会拿自己的名声开玩笑。
6614431408637084164	27	0	0	0	最近在教我儿子写数字，写到4，我灵魂都快脱离了[泪奔]
6616236439103341063	626	0	0	0	天啊！这一家人的颜值
6610591005198516749	0	0	0	0	我中午就是随便说了一下林保怡，结果下午头条就出现这么一个新闻，怎么回事。
6615186689130234376	177	0	0	0	6615186689130234376	24	0	0	0	说是日本名的朋友们 建议多读书[机智]
6612583496365900292	856	0	0	0	这不跟黎明长的一毛一样[笑哭]
6616305118801297933	12	0	0	0	看明星身高和后面的字的对比[呲牙]
6593161889218298376	78	0	0	0	我就想问问胡辣汤是谁呀？
6617221576431501828	149	0	0	0	娱乐圈有个传闻 说杨幂是谁红就跟谁走的近
6615109910545826307	2685	0	0	0	看着怎么不像赵丽颖了
6584993246353555971	2	0	0	0	她们唱了多少首脍炙人口的歌曲啊，相比很多歌星一辈子就一首成名曲也不至于入不敷出。更何况她们一再强调五五分成，就算这辈子不再唱歌了，应该也不愁吃穿，何至于到入不敷出的地步了？
6616203158894936579	445	0	0	0	杜海涛这货怎么没有被封杀？
6610366431945032195	148	0	0	0	能请刘亦菲当伴娘的绝对牛，要是请来韩雪就更厉害了
6615425058774974980	285	0	0	0	于皓当时真的是把我迷得不要不要，帅的一塌糊涂，我家里到处贴了他的海报。一晃那么多年过去了，我老了，他还是记忆里的样子
6603970229712192004	317	0	0	0	父母爱情里的姜亚菲吗
6615375308335874567	216	0	0	0	在广州萝岗万达广场，鄙人不才，正是店长
6615584311657628168	88	0	0	0	别说，我还真没有看出来是同一个人。[我想静静][我想静静]
6606912578041938436	226	0	0	0	这对更好看。
6611762957787333133	187	0	0	0	这么好的文章居然没有赞
6617291268206625293	5	0	0	0	轮轮好帅的！喜欢好多年叻！
6617327796945420803	82	0	0	0	一个牙4万，300万多少个牙，她一口牙有多少个？？？谁来解释？
6617257224437760519	416	0	0	0	罚的太少了。
6617369044133609991	2	0	0	0	简阳龙泉驿
6617220177635312141	184	0	0	0	网红我只认可他，窃格瓦拉[灵光一闪][灵光一闪][灵光一闪]
6613311906792866312	737	0	0	0	郭晶晶活出自我，并且改变了丈夫，好样的，祝福她们一生平安！白头到老！
6611810929434690055	9	0	0	0	两个女的 一个人一把剑 叫什么紫影剑 青所剑 的 两把剑还可以合并的 最后把天捅个窟窿 下雪了就结束了 求名字
6617335643049558541	53	0	0	0	有时候为了剧情需求是不允许洗衣服的，16年拍血战湘江的时候，提前三天给我们部队发了衣服，衣服又脏又臭，然后一个个都洗的干干净净的，去了之后服装的负责人很生气，说衣服都是专门做旧的，然后一个一个检查，特别干净的那种都重新换衣服，不是特别干净的再往衣服上摸点儿黑，我的衣服当时是要换的，我没换，让化妆的姑娘给摸了点儿黑色
6616222775273062925	107	0	0	0	成龙一炮而红
6616231754510385677	24	0	0	0	求林雪心理阴影面积
6615521224594293251	89	0	0	0	不错了。有几个四十岁的能赶上人家
6616203753240396301	125	0	0	0	天不藏奸，是以张君案为原型吧！
6617289928227160580	37	0	0	0	了解一下王宝强喝牛奶，了解一下周润发喝生鸡蛋。
6610537316328931843	341	0	0	0	谁说不火，一眼就能认出她！小公子，小泥巴！很多年前的记忆了
6617588236434801159	18481	0	0	0	太突然了，真的很悲伤！一路走好！
6592363952498278915	1314	0	0	0	坚决打击邪教组织，维护社会稳定！
6617578303354044932	6	0	0	0	好吧，增加心理暗示带来的愉悦感，从而让身体机能得到提升，也是昂贵食物的…………呃，价值～～～～[抠鼻]
6617574559711248909	536	0	0	0	哎！这标题吓我一跳。
6616466856595161603	55	0	0	0	潘黄河才是他弟弟
6617602887805567496	1845	0	0	0	逝者安息。生者坚强。
6617597431502602765	38	0	0	0	人生就是这样，真的！当你到了一定年纪，你曾经熟悉的人就会很突然的离去，你来不及去感慨，他曾经多好啊，他还怎样怎样，甚至更愿意相信这些都是假的。你长大，别人就会离去。现实逼着你成长，接受一切好的和不好的。前一阵，爸爸突然打电话告知，奶奶快不行了…她不是好好的吗？我上次走的时候她还嘱咐我注意身体，注意安全，当时全然觉得是唠叨。可是又能怎样，有结婚生子就有人离开人世…
6617596083394576899	2704	0	0	0	太突然了，当年从幸运52开始喜欢他。李咏老师一路走好！
6617595244210831886	15137	0	0	0	有一种幸福叫家里没病人
6617603866290553358	2160	0	0	0	感谢你给大家带来的欢乐，一路走好。
6609508930106163720	38	0	0	0	等百年之后没人相信，又是一个谜
6617604150827942413	4116	0	0	0	晴天霹雳，听到这消息，真不相信永哥这么快走了。
6617618172520432136	431	0	0	0	不敢相信，看他节目长大，成长。
6617589659377598989	2	0	0	0	真是不敢相信[流泪][流泪][流泪][流泪][流泪][流泪]命运真是如风如雨不知道下到谁头上…哎！
6617612481839759886	3204	0	0	0	真的有点接受不了，太突然了，一路走好
6617602852116234766	50	0	0	0	养老保险还有必要交吗[酷拽][酷拽]
6617609803797627405	325	0	0	0	李咏今年多少岁啊！
6617615460944839175	522	0	0	0	多少金钱也买不来身体健康，只有人们在失去健康的时候，才会想到生命的可贵。
6617619705769230856	76	0	0	0	到底是什么癌，就没人好奇么
6617657520469049870	14	0	0	0	一路走好，愿天堂没有病痛[祈祷][祈祷]
6617631280269885956	151	0	0	0	难得喜欢的一个主持人………………
6618138875007074830	24	0	0	0	这标题不对啊
6618204198070649351	41	0	0	0	2018注定是个悲伤的年份，李敖，霍金，单田芳，臧天朔，计春华，师胜杰，李咏，金庸，方舟子，冯小刚，[流泪][流泪][流泪][流泪][流泪][流泪]青春一去不复返，一个时代终结了……
6618169813283897869	5	0	0	0	谢谢毒舌sir！
6618338076282323463	7	0	0	0	祝福罗晋唐嫣！
6618133631422431757	4	0	0	0	小学的时候，梦想自己成为张无忌，后来感觉自己是令狐冲。初中觉得自己很像乔峰。高中的时候，认为自己很像杨过。刚上大学那会儿，觉得自己就是韦小宝了。如今早已进入社会，还是会觉得自己在某个江湖之中，然而却已变成了有心匡扶大燕，奈何回天无力的姑苏慕容复了！现在的江湖不再是英雄式的打打杀杀，而是平淡的人情世故！飞雪连天射白鹿，笑书神侠倚碧鸳。感谢金庸先生给予我的成长记忆[祈祷][祈祷][祈祷]
6618344469584413188	2	0	0	0	主要看身高和气质～
6618037960283537934	476	0	0	0	我现在一听到癌这个字，全身发抖，五年前我老公查出肝癌，医生说他只有三个月能活，当时我整个人都崩溃了，我觉得天都塌下来了的，我根本不相信这种事就发生在我的身上，几天下来，我就十几斤瘦下去了，我跑遍了五个大城市为他治病，花光了所有的积蓄，负债累累，在上海医院动了手术，做第一次手术，不到一年又复发了，他再一次去做复查的时候，他放弃了，他的家人也放弃了，大家都说到时候会人财两空，但是我没有放弃，第二次手术了，一直到现在五年了…我现在最大的愿望就是他能好好的
6616453337543868942	82	0	0	0	三分钟内我要知道关于她的全部信息！
6612831380541800967	184	0	0	0	搁谁都不会放弃私家车，而选一个公交
6620223087428239875	6	0	0	0	怎么是唯一呀，张纪中表示不服
6620174782203691533	67	0	0	0	落泪了，为作者的文笔落泪，也为一个女子悲戚的一生哭泣。蓝姑娘，记得你春十三娘时惊艳了时光的美。愿你在过奈何桥时孟婆在你喝的汤里加点糖。愿你来世能遇良人，不再孤苦。
6619034584216502791	26	0	0	0	重情重义之人
6616281703365214733	69	0	0	0	我也没见卢靖姗有多红呢？
6615085072884171272	292	0	0	0	作者文笔真好 几段情事婉婉道来
6620103181550486030	127	0	0	0	什么率性真实……说的那么好听，其实就是自私随便
6620179273565078024	32	0	0	0	有点疑问，爷俩谁的姓有点不对
6619205347049472525	13	0	0	0	一张照片也要喷 一天天累不累
6618849675338318350	250	0	0	0	有吴亦凡就不看了
6618711266405908996	73	0	0	0	罗云熙真的是太帅了，而且帅的很真实，人品也很好的样子
6617060010021093891	8	0	0	0	他不行 这么久了还没有种上
6619145889007010318	95	0	0	0	林志颖:都是年轻人，低调点
6618513058299904515	201	0	0	0	最后一个活的最漂亮！！！
6618774816067420675	320	0	0	0	明道想多了，唐嫣两口子还得去吕一家蹭饭呢[我想静静]
6619748496897475085	71	0	0	0	确实女神范，虽然退隐江湖，但江湖中一直都有她的传说
6618451687151501832	267	0	0	0	美颜相机是个好东西
6606502295892918791	40	0	0	0	穿衣服不撕标签不让穿？还是不让顾客买？
6620210554705281544	8	0	0	0	刘翔不要我都看不下去了
6620084932330914308	966	0	0	0	如果不是出轨犯原则错误，等双方冷静下来，为了孩子，复合是最好的。
6619470694738559495	41	0	0	0	有了钱多数男的都会变了，
6618639844614603267	3	0	0	0	和我没关系
6616909191011369475	403	0	0	0	张静初演技确实是不错的，至于人品谁又能真的知道呢，娱乐圈的水很深，如果有大人物想黑你，应该不是难事。
